Tag	Strain	Sex	Age	Agewks	ME
204	3	1	227	32.43	123.22
204	3	1	234	33.43	125.56
204	3	1	241	34.43	122.94
204	3	1	248	35.43	123
204	3	1	255	36.43	117.83
204	3	1	262	37.43	107.25
204	3	1	269	38.43	108.58
204	3	1	276	39.43	108.79
204	3	1	283	40.43	91.15
204	3	1	290	41.43	103.05
204	3	1	297	42.43	104.08
204	3	1	304	43.43	101.38
204	3	1	311	44.43	108.39
204	3	1	318	45.43	105.42
204	3	1	325	46.43	148.74
204	3	1	332	47.43	150.79
204	3	1	339	48.43	177.95
204	3	1	346	49.43	138.33
204	3	1	353	50.43	200.73
204	3	1	361	51.57	178.06
204	3	1	367	52.43	205.28
204	3	1	374	53.43	221.3
204	3	1	381	54.43	163.91
204	3	1	388	55.43	154.77
204	3	1	395	56.43	251.86
204	3	1	402	57.43	258.23
204	3	1	409	58.43	226.38
204	3	1	416	59.43	205.92
204	3	1	423	60.43	239.57
204	3	1	430	61.43	226.46
204	3	1	437	62.43	225.79
204	3	1	444	63.43	163.51
204	3	1	451	64.43	169.15
204	3	1	458	65.43	160.76
204	3	1	465	66.43	175.54
204	3	1	472	67.43	248.19
204	3	1	479	68.43	224.83
204	3	1	486	69.43	189.56
204	3	1	493	70.43	189.06
204	3	1	500	71.43	186.34
204	3	1	507	72.43	161.93
204	3	1	516	73.71	188.49
204	3	1	521	74.43	118.61
204	3	1	529	75.57	138.85
204	3	1	535	76.43	140.96
204	3	1	543	77.57	141.16
204	3	1	549	78.43	147.57
204	3	1	556	79.43	141.82
204	3	1	563	80.43	130.56
204	3	1	570	81.43	127.41
204	3	1	577	82.43	137.94
204	3	1	586	83.71	120.61
204	3	1	591	84.43	138.5
204	3	1	598	85.43	122.18
204	3	1	605	86.43	118.41
207	3	1	224	32	133.05
207	3	1	231	33	131.76
207	3	1	238	34	137.45
207	3	1	245	35	128.62
207	3	1	252	36	129.41
207	3	1	259	37	129.24
207	3	1	266	38	131.05
207	3	1	273	39	124.71
207	3	1	280	40	119.93
207	3	1	287	41	117.09
207	3	1	294	42	126.43
207	3	1	301	43	135.19
207	3	1	308	44	138.11
207	3	1	315	45	67.87
207	3	1	322	46	138.33
207	3	1	329	47	170.45
207	3	1	336	48	168.7
207	3	1	343	49	138.56
207	3	1	350	50	132.75
207	3	1	358	51.14	100.96
207	3	1	364	52	177.44
207	3	1	371	53	212.64
207	3	1	378	54	205.68
207	3	1	385	55	214.56
207	3	1	392	56	207.87
207	3	1	399	57	214.94
207	3	1	406	58	213.86
207	3	1	413	59	211.3
207	3	1	420	60	234.54
207	3	1	427	61	240.15
207	3	1	434	62	201.81
207	3	1	441	63	181.76
207	3	1	448	64	146.33
207	3	1	455	65	206.39
207	3	1	462	66	189.58
207	3	1	469	67	223.74
207	3	1	476	68	209.74
207	3	1	483	69	213.08
207	3	1	490	70	227.56
207	3	1	497	71	191.84
207	3	1	504	72	171.05
207	3	1	513	73.29	208.73
207	3	1	518	74	161.31
207	3	1	526	75.14	185.42
207	3	1	532	76	186.48
207	3	1	540	77.14	175.21
207	3	1	546	78	208.06
207	3	1	553	79	167.79
207	3	1	560	80	152.79
207	3	1	567	81	153.5
207	3	1	574	82	149.64
207	3	1	583	83.29	147.4
207	3	1	588	84	126.92
207	3	1	595	85	125.58
207	3	1	602	86	109.63
216	3	1	215	30.71	78.64
216	3	1	222	31.71	73.72
216	3	1	229	32.71	111.36
216	3	1	236	33.71	131.9
216	3	1	243	34.71	92.67
216	3	1	250	35.71	77.29
216	3	1	257	36.71	89.75
216	3	1	264	37.71	91.71
216	3	1	271	38.71	85.77
216	3	1	278	39.71	85.15
216	3	1	285	40.71	80.8
216	3	1	292	41.71	90.85
216	3	1	299	42.71	101.72
216	3	1	306	43.71	64.24
216	3	1	313	44.71	92.35
216	3	1	320	45.71	116.39
216	3	1	327	46.71	117.46
216	3	1	334	47.71	108.26
216	3	1	341	48.71	141.99
216	3	1	349	49.86	134.54
216	3	1	355	50.71	151.58
216	3	1	362	51.71	151.45
216	3	1	369	52.71	152.91
216	3	1	376	53.71	153.48
216	3	1	383	54.71	178.62
216	3	1	390	55.71	163.58
216	3	1	397	56.71	177.71
216	3	1	404	57.71	171.17
216	3	1	411	58.71	176.97
216	3	1	418	59.71	163.17
216	3	1	425	60.71	145.88
216	3	1	432	61.71	175.33
216	3	1	439	62.71	153.12
216	3	1	446	63.71	177.38
216	3	1	453	64.71	155.77
216	3	1	460	65.71	165
216	3	1	467	66.71	160.13
216	3	1	474	67.71	171.89
216	3	1	481	68.71	188.36
216	3	1	488	69.71	199.56
216	3	1	495	70.71	172.22
216	3	1	504	72	225.82
216	3	1	509	72.71	129.61
216	3	1	517	73.86	171.73
216	3	1	523	74.71	188.58
216	3	1	531	75.86	202.71
216	3	1	537	76.71	179.62
216	3	1	544	77.71	167.91
216	3	1	551	78.71	155.36
216	3	1	558	79.71	138.99
216	3	1	565	80.71	138.29
216	3	1	574	82	132.54
216	3	1	579	82.71	130.43
216	3	1	586	83.71	127.92
216	3	1	593	84.71	97.93
217	3	1	213	30.43	142.52
217	3	1	220	31.43	101.45
217	3	1	227	32.43	126.22
217	3	1	234	33.43	117.15
217	3	1	241	34.43	99.81
217	3	1	248	35.43	86.89
217	3	1	255	36.43	87.99
217	3	1	262	37.43	82.12
217	3	1	269	38.43	80.62
217	3	1	276	39.43	85.73
217	3	1	283	40.43	89.93
217	3	1	290	41.43	100.21
217	3	1	297	42.43	110.97
217	3	1	304	43.43	104.02
217	3	1	311	44.43	127.45
217	3	1	318	45.43	87.5
217	3	1	325	46.43	139.57
217	3	1	332	47.43	122.77
217	3	1	339	48.43	153.69
217	3	1	347	49.57	142.61
217	3	1	353	50.43	153.69
217	3	1	360	51.43	157.77
217	3	1	367	52.43	172.45
217	3	1	374	53.43	199.11
217	3	1	381	54.43	214.3
217	3	1	388	55.43	217.05
217	3	1	395	56.43	242.65
217	3	1	402	57.43	225.22
217	3	1	409	58.43	222.13
217	3	1	416	59.43	220.73
217	3	1	423	60.43	210.23
217	3	1	430	61.43	210.07
217	3	1	437	62.43	207.06
217	3	1	444	63.43	220.32
217	3	1	451	64.43	182.44
217	3	1	458	65.43	167.23
217	3	1	465	66.43	167.97
217	3	1	472	67.43	179.62
217	3	1	479	68.43	185.2
217	3	1	486	69.43	190.08
217	3	1	493	70.43	157.83
217	3	1	502	71.71	210.72
217	3	1	507	72.43	160.61
217	3	1	515	73.57	147.28
217	3	1	521	74.43	180.86
217	3	1	529	75.57	171.23
217	3	1	535	76.43	162.66
217	3	1	542	77.43	125.2
217	3	1	549	78.43	126.46
217	3	1	556	79.43	131.27
217	3	1	563	80.43	128.93
217	3	1	572	81.71	127.39
217	3	1	577	82.43	133.12
217	3	1	584	83.43	108.26
217	3	1	591	84.43	102.84
218	3	1	213	30.43	120.41
218	3	1	220	31.43	111.87
218	3	1	227	32.43	108.32
218	3	1	234	33.43	107.91
218	3	1	241	34.43	99.34
218	3	1	248	35.43	99.88
218	3	1	255	36.43	106.59
218	3	1	262	37.43	99.9
218	3	1	269	38.43	115.25
218	3	1	276	39.43	123.29
218	3	1	283	40.43	111.92
218	3	1	290	41.43	127.36
218	3	1	297	42.43	138.81
218	3	1	304	43.43	86.24
218	3	1	311	44.43	147.22
218	3	1	318	45.43	156.17
218	3	1	325	46.43	140.62
218	3	1	332	47.43	145.46
218	3	1	339	48.43	169.02
218	3	1	347	49.57	162.15
218	3	1	353	50.43	163.98
218	3	1	360	51.43	170.29
218	3	1	367	52.43	187.31
218	3	1	374	53.43	193.96
218	3	1	381	54.43	223.54
218	3	1	388	55.43	214.12
218	3	1	395	56.43	221.23
218	3	1	402	57.43	223.12
218	3	1	409	58.43	227.4
218	3	1	416	59.43	226.46
218	3	1	423	60.43	256.21
218	3	1	430	61.43	229.96
218	3	1	437	62.43	214.19
218	3	1	444	63.43	226.75
218	3	1	451	64.43	195.43
218	3	1	458	65.43	161.38
218	3	1	465	66.43	195.47
218	3	1	472	67.43	184.41
218	3	1	479	68.43	186.02
218	3	1	486	69.43	157.79
218	3	1	493	70.43	164.03
218	3	1	502	71.71	209.2
218	3	1	507	72.43	145.17
218	3	1	515	73.57	173.6
218	3	1	521	74.43	167.99
218	3	1	529	75.57	143.97
218	3	1	535	76.43	201.5
218	3	1	542	77.43	161.71
218	3	1	549	78.43	168.82
218	3	1	556	79.43	168.36
218	3	1	563	80.43	119.33
218	3	1	572	81.71	139.8
218	3	1	577	82.43	146.69
218	3	1	584	83.43	166.53
218	3	1	591	84.43	102.84
221	3	1	210	30	125.79
221	3	1	217	31	117.95
221	3	1	224	32	97.55
221	3	1	231	33	101.71
221	3	1	238	34	100.98
221	3	1	245	35	90.16
221	3	1	252	36	97
221	3	1	259	37	91.48
221	3	1	266	38	79.1
221	3	1	273	39	90.41
221	3	1	280	40	99.64
221	3	1	287	41	106.88
221	3	1	294	42	113.89
221	3	1	301	43	94.78
221	3	1	308	44	127.91
221	3	1	315	45	134.65
221	3	1	322	46	134.07
221	3	1	329	47	119.37
221	3	1	336	48	153.46
221	3	1	344	49.14	154.08
221	3	1	350	50	161.99
221	3	1	357	51	162.1
221	3	1	364	52	161.34
221	3	1	371	53	186.94
221	3	1	378	54	190.2
221	3	1	385	55	193.3
221	3	1	392	56	205.79
221	3	1	399	57	198.67
221	3	1	406	58	196.86
221	3	1	413	59	176.97
221	3	1	420	60	214.56
221	3	1	427	61	231.95
221	3	1	434	62	214.54
221	3	1	441	63	226.17
221	3	1	448	64	204.32
221	3	1	455	65	209.81
221	3	1	462	66	226.7
221	3	1	469	67	170.61
221	3	1	476	68	201.23
221	3	1	483	69	199.91
221	3	1	490	70	163.68
221	3	1	499	71.29	213.41
221	3	1	504	72	147.51
221	3	1	512	73.14	167.98
221	3	1	518	74	171.03
221	3	1	526	75.14	164.8
221	3	1	532	76	80.76
221	3	1	539	77	108
221	3	1	546	78	128.34
221	3	1	553	79	132.09
221	3	1	560	80	116.41
221	3	1	569	81.29	116.28
221	3	1	574	82	122.12
221	3	1	581	83	119.14
221	3	1	588	84	114.78
240	4	1	204	29.14	127.55
240	4	1	211	30.14	126.49
240	4	1	218	31.14	131.6
240	4	1	225	32.14	120.08
240	4	1	232	33.14	94.78
240	4	1	239	34.14	86.07
240	4	1	246	35.14	115.14
240	4	1	253	36.14	98.73
240	4	1	260	37.14	95.24
240	4	1	267	38.14	101.76
240	4	1	274	39.14	111.34
240	4	1	281	40.14	113.9
240	4	1	288	41.14	118.22
240	4	1	295	42.14	92.32
240	4	1	302	43.14	150.38
240	4	1	309	44.14	156.53
240	4	1	316	45.14	167.77
240	4	1	323	46.14	152.13
240	4	1	330	47.14	204.7
240	4	1	338	48.29	207.55
240	4	1	344	49.14	215.7
240	4	1	351	50.14	227.5
240	4	1	358	51.14	211.65
240	4	1	365	52.14	194.2
240	4	1	372	53.14	249.75
240	4	1	379	54.14	300
240	4	1	386	55.14	292.72
240	4	1	393	56.14	279.51
240	4	1	400	57.14	236.99
240	4	1	407	58.14	272.68
240	4	1	414	59.14	251.42
240	4	1	421	60.14	248.92
240	4	1	428	61.14	249.18
240	4	1	435	62.14	253.54
240	4	1	442	63.14	213.33
240	4	1	449	64.14	235.09
240	4	1	456	65.14	229.4
240	4	1	463	66.14	197.28
240	4	1	470	67.14	191.17
240	4	1	477	68.14	184.47
240	4	1	484	69.14	117.12
240	4	1	493	70.43	84.71
240	4	1	498	71.14	54.26
240	4	1	506	72.29	59.17
240	4	1	512	73.14	71.7
240	4	1	520	74.29	89.22
240	4	1	526	75.14	100.42
240	4	1	533	76.14	97.01
240	4	1	540	77.14	105.87
240	4	1	547	78.14	119.33
240	4	1	554	79.14	87.86
240	4	1	563	80.43	111.48
240	4	1	568	81.14	114.52
240	4	1	575	82.14	128.03
240	4	1	582	83.14	104.37
244	4	1	204	29.14	135.03
244	4	1	211	30.14	133.86
244	4	1	218	31.14	110.42
244	4	1	225	32.14	114.23
244	4	1	232	33.14	112.8
244	4	1	239	34.14	110.99
244	4	1	246	35.14	120.4
244	4	1	253	36.14	105.87
244	4	1	260	37.14	104.37
244	4	1	267	38.14	109.6
244	4	1	274	39.14	103.38
244	4	1	281	40.14	135.31
244	4	1	288	41.14	140.68
244	4	1	295	42.14	65.64
244	4	1	302	43.14	165
244	4	1	309	44.14	176.42
244	4	1	316	45.14	177.48
244	4	1	323	46.14	166.52
244	4	1	330	47.14	195.11
244	4	1	338	48.29	191.99
244	4	1	344	49.14	174.28
244	4	1	351	50.14	199.65
244	4	1	358	51.14	219.37
244	4	1	365	52.14	186.83
244	4	1	372	53.14	231.15
244	4	1	379	54.14	237.76
244	4	1	386	55.14	238.08
244	4	1	393	56.14	222.88
244	4	1	400	57.14	203.88
244	4	1	407	58.14	213.24
244	4	1	414	59.14	227.55
244	4	1	421	60.14	221.19
244	4	1	428	61.14	191.03
244	4	1	435	62.14	181.35
244	4	1	442	63.14	191.92
244	4	1	449	64.14	232.63
244	4	1	456	65.14	199.21
244	4	1	463	66.14	128.49
244	4	1	470	67.14	144.96
244	4	1	477	68.14	175.34
244	4	1	484	69.14	138.53
244	4	1	493	70.43	163.46
244	4	1	498	71.14	113.46
244	4	1	506	72.29	150.32
244	4	1	512	73.14	179.34
244	4	1	520	74.29	190.19
244	4	1	526	75.14	178.57
244	4	1	533	76.14	158.67
244	4	1	540	77.14	159.93
244	4	1	547	78.14	142.62
244	4	1	554	79.14	142.62
244	4	1	563	80.43	140.97
244	4	1	568	81.14	158.98
244	4	1	575	82.14	154.94
244	4	1	582	83.14	139.93
257	4	1	198	28.29	115.73
257	4	1	205	29.29	117.13
257	4	1	212	30.29	111.94
257	4	1	219	31.29	123.94
257	4	1	226	32.29	102.27
257	4	1	233	33.29	110.76
257	4	1	240	34.29	104.84
257	4	1	247	35.29	93.35
257	4	1	254	36.29	94.54
257	4	1	261	37.29	109.83
257	4	1	268	38.29	107.36
257	4	1	275	39.29	116.24
257	4	1	282	40.29	120.21
257	4	1	289	41.29	118.06
257	4	1	296	42.29	145.7
257	4	1	303	43.29	143.54
257	4	1	310	44.29	145.54
257	4	1	317	45.29	135.52
257	4	1	324	46.29	154.39
257	4	1	332	47.43	165.66
257	4	1	338	48.29	184.69
257	4	1	345	49.29	116.35
257	4	1	352	50.29	190.35
257	4	1	359	51.29	193.26
257	4	1	366	52.29	219.1
257	4	1	373	53.29	220.21
257	4	1	380	54.29	231.76
257	4	1	387	55.29	207.67
257	4	1	394	56.29	232.55
257	4	1	401	57.29	229.15
257	4	1	408	58.29	221.58
257	4	1	415	59.29	213.7
257	4	1	422	60.29	140.13
257	4	1	429	61.29	193.99
257	4	1	436	62.29	175.77
257	4	1	443	63.29	154.24
257	4	1	450	64.29	178.85
257	4	1	457	65.29	179.26
257	4	1	464	66.29	166.37
257	4	1	471	67.29	147.85
257	4	1	478	68.29	142.16
257	4	1	487	69.57	186.86
257	4	1	492	70.29	113.23
257	4	1	500	71.43	149.5
257	4	1	506	72.29	152.31
257	4	1	514	73.43	149.24
257	4	1	520	74.29	160.2
257	4	1	527	75.29	145.33
257	4	1	534	76.29	120.03
257	4	1	541	77.29	141.33
257	4	1	548	78.29	131.03
257	4	1	557	79.57	129.85
257	4	1	562	80.29	134.76
257	4	1	569	81.29	154.59
257	4	1	576	82.29	134.32
281	4	1	204	29.14	172.93
281	4	1	211	30.14	165.2
281	4	1	218	31.14	156.31
281	4	1	225	32.14	157.01
281	4	1	232	33.14	160.99
281	4	1	239	34.14	157.13
281	4	1	246	35.14	158.77
281	4	1	253	36.14	153.74
281	4	1	260	37.14	136.07
281	4	1	267	38.14	138.18
281	4	1	274	39.14	147.19
281	4	1	281	40.14	154.91
281	4	1	288	41.14	170.59
281	4	1	295	42.14	147.54
281	4	1	302	43.14	178.78
281	4	1	309	44.14	179.48
281	4	1	316	45.14	190.01
281	4	1	323	46.14	182.99
281	4	1	330	47.14	212.71
281	4	1	338	48.29	216.45
281	4	1	344	49.14	226.28
281	4	1	351	50.14	232.6
281	4	1	358	51.14	247.81
281	4	1	365	52.14	260.33
281	4	1	372	53.14	276.82
281	4	1	379	54.14	281.62
281	4	1	386	55.14	286.77
281	4	1	393	56.14	274.83
281	4	1	400	57.14	253.77
281	4	1	407	58.14	291.92
281	4	1	414	59.14	301.51
281	4	1	421	60.14	313.91
281	4	1	428	61.14	320
281	4	1	435	62.14	329.71
281	4	1	442	63.14	293.44
281	4	1	449	64.14	297.18
281	4	1	456	65.14	283.61
281	4	1	463	66.14	263.95
281	4	1	470	67.14	215.16
281	4	1	477	68.14	198.08
281	4	1	484	69.14	182.99
281	4	1	493	70.43	186.38
281	4	1	498	71.14	153.27
281	4	1	506	72.29	163.33
281	4	1	512	73.14	187.79
281	4	1	520	74.29	185.33
281	4	1	526	75.14	180.18
281	4	1	533	76.14	184.74
281	4	1	540	77.14	185.33
281	4	1	547	78.14	176.32
281	4	1	554	79.14	154.91
281	4	1	563	80.43	149.76
281	4	1	568	81.14	149.29
281	4	1	575	82.14	0
281	4	1	582	83.14	0
298	4	1	203	29	117.72
298	4	1	210	30	118.89
298	4	1	217	31	118.38
298	4	1	224	32	104.05
298	4	1	231	33	102.27
298	4	1	238	34	99.06
298	4	1	245	35	100.16
298	4	1	252	36	95.69
298	4	1	259	37	93.37
298	4	1	266	38	99.77
298	4	1	273	39	109.58
298	4	1	280	40	116.83
298	4	1	287	41	114.71
298	4	1	294	42	116.54
298	4	1	301	43	143.24
298	4	1	308	44	151.26
298	4	1	315	45	151.74
298	4	1	322	46	135.17
298	4	1	329	47	176.74
298	4	1	337	48.14	181.69
298	4	1	343	49	194.99
298	4	1	350	50	199.42
298	4	1	357	51	217.15
298	4	1	364	52	223.1
298	4	1	371	53	238.29
298	4	1	378	54	251.68
298	4	1	385	55	252.12
298	4	1	392	56	232.48
298	4	1	399	57	243.9
298	4	1	406	58	240.62
298	4	1	413	59	220.53
298	4	1	420	60	236.75
298	4	1	427	61	228.47
298	4	1	434	62	239.74
298	4	1	441	63	213.1
298	4	1	448	64	226.66
298	4	1	455	65	240.28
298	4	1	462	66	230.74
298	4	1	469	67	221.82
298	4	1	476	68	216.17
298	4	1	483	69	179.36
298	4	1	492	70.29	155.73
298	4	1	497	71	78.48
298	4	1	505	72.14	95.56
298	4	1	511	73	132.19
298	4	1	519	74.14	136.83
298	4	1	525	75	136.22
298	4	1	532	76	135.03
298	4	1	539	77	123.66
298	4	1	546	78	143.67
298	4	1	553	79	130.45
298	4	1	562	80.29	124.82
298	4	1	567	81	140.26
298	4	1	574	82	141.02
298	4	1	581	83	110.92
202	3	2	235	33.57	102.63
202	3	2	242	34.57	87.53
202	3	2	249	35.57	70.53
202	3	2	256	36.57	109.2
202	3	2	263	37.57	114.2
202	3	2	270	38.57	114.03
202	3	2	277	39.57	107.76
202	3	2	284	40.57	97.91
202	3	2	291	41.57	97.23
202	3	2	298	42.57	114.05
202	3	2	305	43.57	100.57
202	3	2	312	44.57	124.08
202	3	2	319	45.57	138.34
202	3	2	326	46.57	98.05
202	3	2	333	47.57	165.94
202	3	2	340	48.57	165.18
202	3	2	347	49.57	183.8
202	3	2	354	50.57	176.47
202	3	2	361	51.57	216.4
202	3	2	369	52.71	182.39
202	3	2	375	53.57	222.83
202	3	2	382	54.57	220.25
202	3	2	389	55.57	220.89
202	3	2	396	56.57	220.52
202	3	2	403	57.57	240.28
202	3	2	410	58.57	231.32
202	3	2	417	59.57	246.74
202	3	2	424	60.57	228.73
202	3	2	431	61.57	253.72
202	3	2	438	62.57	253.49
202	3	2	445	63.57	252.47
202	3	2	452	64.57	238.97
202	3	2	459	65.57	242.39
202	3	2	466	66.57	248.75
202	3	2	473	67.57	227.49
202	3	2	480	68.57	229.94
202	3	2	487	69.57	223.31
202	3	2	494	70.57	217.64
202	3	2	501	71.57	227.44
202	3	2	508	72.57	208.69
202	3	2	515	73.57	157.6
202	3	2	524	74.86	199.37
202	3	2	529	75.57	172.55
202	3	2	537	76.71	173.72
202	3	2	543	77.57	188.23
202	3	2	551	78.71	172.99
202	3	2	557	79.57	182.67
202	3	2	564	80.57	167.44
202	3	2	571	81.57	159.81
202	3	2	578	82.57	150.22
202	3	2	585	83.57	146.13
202	3	2	594	84.86	142.49
202	3	2	599	85.57	138.62
202	3	2	606	86.57	133.53
202	3	2	613	87.57	116.42
205	3	2	228	32.57	102.98
205	3	2	235	33.57	104.38
205	3	2	242	34.57	104.46
205	3	2	249	35.57	105.92
205	3	2	256	36.57	93.14
205	3	2	263	37.57	90.4
205	3	2	270	38.57	103.67
205	3	2	277	39.57	98.61
205	3	2	284	40.57	106.59
205	3	2	291	41.57	97.78
205	3	2	298	42.57	113.79
205	3	2	305	43.57	117.64
205	3	2	312	44.57	133.31
205	3	2	319	45.57	100.51
205	3	2	326	46.57	143.12
205	3	2	333	47.57	157.23
205	3	2	340	48.57	146.47
205	3	2	347	49.57	136.1
205	3	2	354	50.57	170.77
205	3	2	362	51.71	159.69
205	3	2	368	52.57	168.78
205	3	2	375	53.57	155.08
205	3	2	382	54.57	178.42
205	3	2	389	55.57	168.11
205	3	2	396	56.57	211.03
205	3	2	403	57.57	213.66
205	3	2	410	58.57	206.73
205	3	2	417	59.57	184.04
205	3	2	424	60.57	214.65
205	3	2	431	61.57	201.31
205	3	2	438	62.57	188.47
205	3	2	445	63.57	181.29
205	3	2	452	64.57	184.59
205	3	2	459	65.57	189.31
205	3	2	466	66.57	171.8
205	3	2	473	67.57	180.33
205	3	2	480	68.57	166.33
205	3	2	487	69.57	168.15
205	3	2	494	70.57	186.02
205	3	2	501	71.57	182.6
205	3	2	508	72.57	168.13
205	3	2	517	73.86	196.1
205	3	2	522	74.57	150.43
205	3	2	530	75.71	152.19
205	3	2	536	76.57	149.97
205	3	2	544	77.71	152.98
205	3	2	550	78.57	154.35
205	3	2	557	79.57	143.57
205	3	2	564	80.57	113.13
205	3	2	571	81.57	124.72
205	3	2	578	82.57	119.45
205	3	2	587	83.86	146.82
205	3	2	592	84.57	127.15
205	3	2	599	85.57	144.77
205	3	2	606	86.57	103.55
206	3	2	224	32	105.2
206	3	2	231	33	95.95
206	3	2	238	34	88.54
206	3	2	245	35	82.87
206	3	2	252	36	86.36
206	3	2	259	37	99.76
206	3	2	266	38	91.38
206	3	2	273	39	84.22
206	3	2	280	40	83.31
206	3	2	287	41	66.43
206	3	2	294	42	99.75
206	3	2	301	43	100.56
206	3	2	308	44	77.97
206	3	2	315	45	92.44
206	3	2	322	46	113.41
206	3	2	329	47	130.79
206	3	2	336	48	144.84
206	3	2	343	49	113.87
206	3	2	350	50	160.24
206	3	2	358	51.14	153.26
206	3	2	364	52	161.88
206	3	2	371	53	162.1
206	3	2	378	54	182.28
206	3	2	385	55	195.6
206	3	2	392	56	178.73
206	3	2	399	57	169.08
206	3	2	406	58	176.77
206	3	2	413	59	174.8
206	3	2	420	60	178.73
206	3	2	427	61	177.21
206	3	2	434	62	172.33
206	3	2	441	63	156.61
206	3	2	448	64	149.73
206	3	2	455	65	174.33
206	3	2	462	66	158.93
206	3	2	469	67	164.77
206	3	2	476	68	180.37
206	3	2	483	69	173.77
206	3	2	490	70	171.28
206	3	2	497	71	168.09
206	3	2	504	72	137.71
206	3	2	513	73.29	201.95
206	3	2	518	74	154.41
206	3	2	526	75.14	153.83
206	3	2	532	76	151.96
206	3	2	540	77.14	141.63
206	3	2	546	78	181.85
206	3	2	553	79	143.69
206	3	2	560	80	145.42
206	3	2	567	81	156.89
206	3	2	574	82	117.35
206	3	2	583	83.29	136.4
206	3	2	588	84	147.51
206	3	2	595	85	132.25
206	3	2	602	86	112.32
209	3	2	213	30.43	110.35
209	3	2	220	31.43	95.14
209	3	2	227	32.43	92.99
209	3	2	234	33.43	72.34
209	3	2	241	34.43	81.68
209	3	2	248	35.43	78.93
209	3	2	255	36.43	82.96
209	3	2	262	37.43	82.59
209	3	2	269	38.43	82.02
209	3	2	276	39.43	89.36
209	3	2	283	40.43	85.13
209	3	2	290	41.43	91.55
209	3	2	297	42.43	90.26
209	3	2	304	43.43	105.66
209	3	2	311	44.43	121.13
209	3	2	318	45.43	110.43
209	3	2	325	46.43	131.15
209	3	2	332	47.43	111.42
209	3	2	339	48.43	140.59
209	3	2	347	49.57	128.34
209	3	2	353	50.43	152.52
209	3	2	360	51.43	147.82
209	3	2	367	52.43	155.6
209	3	2	374	53.43	160.62
209	3	2	381	54.43	154.75
209	3	2	388	55.43	134.56
209	3	2	395	56.43	168.23
209	3	2	402	57.43	178.54
209	3	2	409	58.43	180.95
209	3	2	416	59.43	152.75
209	3	2	423	60.43	152.44
209	3	2	430	61.43	148.65
209	3	2	437	62.43	150.78
209	3	2	444	63.43	153.86
209	3	2	451	64.43	148.86
209	3	2	458	65.43	133.06
209	3	2	465	66.43	143.05
209	3	2	472	67.43	152.94
209	3	2	479	68.43	158.88
209	3	2	486	69.43	158.03
209	3	2	493	70.43	112.32
209	3	2	502	71.71	152.69
209	3	2	507	72.43	126.8
209	3	2	515	73.57	129.73
209	3	2	521	74.43	104.46
209	3	2	529	75.57	126.77
209	3	2	535	76.43	143.12
209	3	2	542	77.43	104.26
209	3	2	549	78.43	103.06
209	3	2	556	79.43	112.67
209	3	2	563	80.43	92.31
209	3	2	572	81.71	105.63
209	3	2	577	82.43	93.46
209	3	2	584	83.43	95.98
209	3	2	591	84.43	88.69
215	3	2	217	31	94.9
215	3	2	224	32	79.34
215	3	2	231	33	84.68
215	3	2	238	34	79.48
215	3	2	245	35	73.72
215	3	2	252	36	75.54
215	3	2	259	37	75.24
215	3	2	266	38	68.08
215	3	2	273	39	70.32
215	3	2	280	40	70.99
215	3	2	287	41	76.94
215	3	2	294	42	80.2
215	3	2	301	43	80.66
215	3	2	308	44	67.4
215	3	2	315	45	92.23
215	3	2	322	46	101.54
215	3	2	329	47	95.81
215	3	2	336	48	82.64
215	3	2	343	49	123.62
215	3	2	351	50.14	114.77
215	3	2	357	51	126.31
215	3	2	364	52	119.04
215	3	2	371	53	129.51
215	3	2	378	54	127.98
215	3	2	385	55	151.71
215	3	2	392	56	142.87
215	3	2	399	57	152.2
215	3	2	406	58	152.33
215	3	2	413	59	147.25
215	3	2	420	60	144.1
215	3	2	427	61	137.23
215	3	2	434	62	130.4
215	3	2	441	63	130.3
215	3	2	448	64	142.51
215	3	2	455	65	136.23
215	3	2	462	66	140.32
215	3	2	469	67	140.71
215	3	2	476	68	149.31
215	3	2	483	69	160.05
215	3	2	490	70	187.63
215	3	2	497	71	121.21
215	3	2	506	72.29	174.92
215	3	2	511	73	142.59
215	3	2	519	74.14	135.58
215	3	2	525	75	132.77
215	3	2	533	76.14	132.86
215	3	2	539	77	133.88
215	3	2	546	78	127.78
215	3	2	553	79	116.4
215	3	2	560	80	111.73
215	3	2	567	81	104.71
215	3	2	576	82.29	97.91
215	3	2	581	83	105.86
215	3	2	588	84	92.35
215	3	2	595	85	74.41
250	4	2	198	28.29	105.78
250	4	2	205	29.29	90.57
250	4	2	212	30.29	98.72
250	4	2	219	31.29	129.32
250	4	2	226	32.29	99.23
250	4	2	233	33.29	102.1
250	4	2	240	34.29	100.98
250	4	2	247	35.29	99.55
250	4	2	254	36.29	104.02
250	4	2	261	37.29	110.07
250	4	2	268	38.29	110.52
250	4	2	275	39.29	115.07
250	4	2	282	40.29	124.42
250	4	2	289	41.29	84.83
250	4	2	296	42.29	150.26
250	4	2	303	43.29	148.45
250	4	2	310	44.29	181.57
250	4	2	317	45.29	177.17
250	4	2	324	46.29	186.92
250	4	2	332	47.43	179
250	4	2	338	48.29	201.3
250	4	2	345	49.29	198.95
250	4	2	352	50.29	205.1
250	4	2	359	51.29	196.3
250	4	2	366	52.29	190.43
250	4	2	373	53.29	179.14
250	4	2	380	54.29	202.05
250	4	2	387	55.29	185.68
250	4	2	394	56.29	193.35
250	4	2	401	57.29	188.79
250	4	2	408	58.29	194.91
250	4	2	415	59.29	189.25
250	4	2	422	60.29	209.63
250	4	2	429	61.29	212.71
250	4	2	436	62.29	178.46
250	4	2	443	63.29	185.71
250	4	2	450	64.29	183.18
250	4	2	457	65.29	181.72
250	4	2	464	66.29	177.6
250	4	2	471	67.29	179.67
250	4	2	478	68.29	153.39
250	4	2	487	69.57	155.85
250	4	2	492	70.29	96.85
250	4	2	500	71.43	136.98
250	4	2	506	72.29	161.91
250	4	2	514	73.43	155.32
250	4	2	520	74.29	160.9
250	4	2	527	75.29	161.24
250	4	2	534	76.29	143.78
250	4	2	541	77.29	133.49
250	4	2	548	78.29	149.99
250	4	2	557	79.57	148.34
250	4	2	562	80.29	133.47
250	4	2	569	81.29	150.97
250	4	2	576	82.29	124.96
255	4	2	204	29.14	104.61
255	4	2	211	30.14	96.89
255	4	2	218	31.14	93.22
255	4	2	225	32.14	90.59
255	4	2	232	33.14	84.02
255	4	2	239	34.14	85.48
255	4	2	246	35.14	84.01
255	4	2	253	36.14	76.85
255	4	2	260	37.14	69.27
255	4	2	267	38.14	83.04
255	4	2	274	39.14	81.85
255	4	2	281	40.14	88.28
255	4	2	288	41.14	89.91
255	4	2	295	42.14	91.62
255	4	2	302	43.14	109.31
255	4	2	309	44.14	108.44
255	4	2	316	45.14	112.89
255	4	2	323	46.14	111.18
255	4	2	330	47.14	129.12
255	4	2	338	48.29	115.82
255	4	2	344	49.14	133.21
255	4	2	351	50.14	134.84
255	4	2	358	51.14	138.52
255	4	2	365	52.14	150.09
255	4	2	372	53.14	146.32
255	4	2	379	54.14	104.73
255	4	2	386	55.14	111.49
255	4	2	393	56.14	115.83
255	4	2	400	57.14	151.47
255	4	2	407	58.14	160.48
255	4	2	414	59.14	156.88
255	4	2	421	60.14	154.85
255	4	2	428	61.14	151.25
255	4	2	435	62.14	160.65
255	4	2	442	63.14	147.34
255	4	2	449	64.14	146.87
255	4	2	456	65.14	151.24
255	4	2	463	66.14	158.79
255	4	2	470	67.14	153.96
255	4	2	477	68.14	162.71
255	4	2	484	69.14	146.48
255	4	2	493	70.43	178.55
255	4	2	498	71.14	127.5
255	4	2	506	72.29	153.94
255	4	2	512	73.14	157.34
255	4	2	520	74.29	158.6
255	4	2	526	75.14	153.65
255	4	2	533	76.14	138.89
255	4	2	540	77.14	143.9
255	4	2	547	78.14	146.95
255	4	2	554	79.14	88.33
255	4	2	563	80.43	108.67
255	4	2	568	81.14	125.4
255	4	2	575	82.14	116.8
255	4	2	582	83.14	108.93
263	4	2	204	29.14	127.43
263	4	2	211	30.14	115.49
263	4	2	218	31.14	114.75
263	4	2	225	32.14	104.63
263	4	2	232	33.14	106.71
263	4	2	239	34.14	103.74
263	4	2	246	35.14	104.14
263	4	2	253	36.14	96.04
263	4	2	260	37.14	95.36
263	4	2	267	38.14	99.19
263	4	2	274	39.14	93.2
263	4	2	281	40.14	99.28
263	4	2	288	41.14	100.67
263	4	2	295	42.14	111.74
263	4	2	302	43.14	134.58
263	4	2	309	44.14	135.93
263	4	2	316	45.14	146.47
263	4	2	323	46.14	144.76
263	4	2	330	47.14	164.92
263	4	2	338	48.29	161.33
263	4	2	344	49.14	163.28
263	4	2	351	50.14	177.31
263	4	2	358	51.14	182.05
263	4	2	365	52.14	180.98
263	4	2	372	53.14	182.13
263	4	2	379	54.14	181.95
263	4	2	386	55.14	206.73
263	4	2	393	56.14	196.79
263	4	2	400	57.14	191.95
263	4	2	407	58.14	201.89
263	4	2	414	59.14	198.53
263	4	2	421	60.14	205.51
263	4	2	428	61.14	197.11
263	4	2	435	62.14	215.4
263	4	2	442	63.14	198.47
263	4	2	449	64.14	197.88
263	4	2	456	65.14	196.17
263	4	2	463	66.14	199.62
263	4	2	470	67.14	190.7
263	4	2	477	68.14	185.17
263	4	2	484	69.14	172.69
263	4	2	493	70.43	211.78
263	4	2	498	71.14	165.88
263	4	2	506	72.29	179.57
263	4	2	512	73.14	182.15
263	4	2	520	74.29	181.53
263	4	2	526	75.14	187.23
263	4	2	533	76.14	170.25
263	4	2	540	77.14	158.64
263	4	2	547	78.14	155.49
263	4	2	554	79.14	156.07
263	4	2	563	80.43	147.28
263	4	2	568	81.14	155.7
263	4	2	575	82.14	139.62
263	4	2	582	83.14	110.1
271	4	2	204	29.14	113.39
271	4	2	211	30.14	107.3
271	4	2	218	31.14	99.54
271	4	2	225	32.14	100.42
271	4	2	232	33.14	101.33
271	4	2	239	34.14	96.01
271	4	2	246	35.14	92.2
271	4	2	253	36.14	92.3
271	4	2	260	37.14	87.64
271	4	2	267	38.14	97.08
271	4	2	274	39.14	95.54
271	4	2	281	40.14	109.45
271	4	2	288	41.14	103.13
271	4	2	295	42.14	98.75
271	4	2	302	43.14	129.08
271	4	2	309	44.14	128.8
271	4	2	316	45.14	157.82
271	4	2	323	46.14	161.03
271	4	2	330	47.14	175.1
271	4	2	338	48.29	182.28
271	4	2	344	49.14	203.06
271	4	2	351	50.14	203.87
271	4	2	358	51.14	209.78
271	4	2	365	52.14	186.48
271	4	2	372	53.14	205.53
271	4	2	379	54.14	180.9
271	4	2	386	55.14	185.9
271	4	2	393	56.14	188.95
271	4	2	400	57.14	182.59
271	4	2	407	58.14	193.24
271	4	2	414	59.14	195.84
271	4	2	421	60.14	184.1
271	4	2	428	61.14	184.36
271	4	2	435	62.14	188.84
271	4	2	442	63.14	174.49
271	4	2	449	64.14	173.08
271	4	2	456	65.14	172.77
271	4	2	463	66.14	172.01
271	4	2	470	67.14	161.22
271	4	2	477	68.14	163.99
271	4	2	484	69.14	145.78
271	4	2	493	70.43	178.78
271	4	2	498	71.14	151.95
271	4	2	506	72.29	167.17
271	4	2	512	73.14	171.5
271	4	2	520	74.29	159.77
271	4	2	526	75.14	174.01
271	4	2	533	76.14	164.87
271	4	2	540	77.14	166.24
271	4	2	547	78.14	164.85
271	4	2	554	79.14	129.16
271	4	2	563	80.43	163.66
271	4	2	568	81.14	155.7
271	4	2	575	82.14	137.63
271	4	2	582	83.14	130.34
293	4	2	204	29.14	105.55
293	4	2	211	30.14	106.95
293	4	2	218	31.14	95.45
293	4	2	225	32.14	85.56
293	4	2	232	33.14	95.01
293	4	2	239	34.14	100.34
293	4	2	246	35.14	99.57
293	4	2	253	36.14	94.52
293	4	2	260	37.14	91.73
293	4	2	267	38.14	102.58
293	4	2	274	39.14	105.6
293	4	2	281	40.14	108.75
293	4	2	288	41.14	115.06
293	4	2	295	42.14	121.22
293	4	2	302	43.14	130.96
293	4	2	309	44.14	126.92
293	4	2	316	45.14	141.09
293	4	2	323	46.14	140.67
293	4	2	330	47.14	158.84
293	4	2	338	48.29	137.35
293	4	2	344	49.14	148.89
293	4	2	351	50.14	148.17
293	4	2	358	51.14	152.8
293	4	2	365	52.14	151.02
293	4	2	372	53.14	158.96
293	4	2	379	54.14	154.34
293	4	2	386	55.14	159.46
293	4	2	393	56.14	174.91
293	4	2	400	57.14	162.46
293	4	2	407	58.14	160.12
293	4	2	414	59.14	161.21
293	4	2	421	60.14	156.25
293	4	2	428	61.14	170.2
293	4	2	435	62.14	162.17
293	4	2	442	63.14	144.42
293	4	2	449	64.14	142.54
293	4	2	456	65.14	143.05
293	4	2	463	66.14	148.61
293	4	2	470	67.14	144.37
293	4	2	477	68.14	151.24
293	4	2	484	69.14	98.87
293	4	2	493	70.43	143.45
293	4	2	498	71.14	158.39
293	4	2	506	72.29	147.28
293	4	2	512	73.14	141.2
293	4	2	520	74.29	128.88
293	4	2	526	75.14	125.34
293	4	2	533	76.14	118.18
293	4	2	540	77.14	108.91
293	4	2	547	78.14	151.51
293	4	2	554	79.14	131.97
293	4	2	563	80.43	125.17
293	4	2	568	81.14	138.74
293	4	2	575	82.14	128.27
293	4	2	582	83.14	121.92
