"adverts"	"sales"	"airplay"	"attract"	"resid"	"stz.r"	"stu.r"	"cooks"	"dfbeta.(Intercept)"	"dfbeta.adverts"	"dfbeta.airplay"	"dfbeta.attract"	"dffit"	"lev"	"covratio"
10.256	330	43	10	100.079745217442	2.17740408238378	2.19859632992666	0.0587038820601733	-5.4218270670687	-0.00166159147200479	0.043392916574901	0.852969923492105	0.489293979965343	0.0471905256041174	0.971274990874463
985.685	120	28	7	-108.948991725879	-2.32308277865479	-2.34972370774054	0.010889432250004	0.216017017607695	-0.000864968983218141	0.00258708061243188	-0.0450304094999539	-0.211098296015573	0.00800653614388485	0.920183161882534
1445.563	360	35	7	68.4423684586181	1.46880155150534	1.4731799194787	0.0114006598735151	-0.65851796965755	0.00120743581110127	0.0128983716102566	-0.0130879018481631	0.214184312240587	0.0207004268326442	0.997110046029347
1188.193	270	33	7	7.02402624938925	0.15011595417913	0.149741123986792	7.16647752750389e-05	-0.0448086885328748	8.4417001623666e-05	0.000958984845304478	0.000315605599832901	0.0168887343656444	0.0125609455385696	1.03317954411211
574.513	220	44	5	-5.75286071693427	-0.123798339400865	-0.12348695152337	0.000102542254772175	-0.149283504905532	7.55285966784697e-06	-0.00396933817736991	0.0331263833676939	-0.0202016888313046	0.02606531913255	1.04765952741322
568.954	170	19	5	28.9046432888516	0.618259706722786	0.617282712085091	0.00137734732445165	1.14345654186252	1.55409351769518e-05	-0.00579243314885994	-0.125126574189053	0.0741079672745041	0.0142084487679076	1.02732899107411
471.814	70	20	1	-21.8717291480424	-0.487199936015883	-0.486250012929811	0.00594368005574004	-2.51994173278747	-6.96485059961563e-06	-0.00141552957883567	0.3608324830504	-0.153889897633196	0.0910425709585452	1.11747349262025
537.352	210	22	9	17.1395572036134	0.367864063669774	0.367051168054128	0.000723022760966563	-0.488486810192136	-4.06302775825756e-05	-0.00533579002772043	0.11044520857765	0.053659327651748	0.0209244210538313	1.03960847348369
514.068	200	21	7	34.656111052101	0.738553073717987	0.73769380270673	0.000949037320273816	0.194766577165991	-6.20794265559234e-05	-0.00805291761315849	0.0353497081245581	0.061541215011563	0.00691142892819751	1.01638118180106
174.093	300	40	7	99.5337512439587	2.13028877629468	2.14988206679834	0.017756471647924	-0.215970959868713	-0.00107095058140712	0.0461632913136037	0.0162397839860206	0.26895801422023	0.0154097375251316	0.943920028238617
1720.806	290	32	7	-14.8193099595695	-0.31974422377778	-0.319010717775151	0.000822628958468821	0.152200800555459	-0.000358814926851646	-0.000901288575238369	0.00244660983459362	-0.0572314249470543	0.0311817775186296	1.05132542683934
611.479	70	20	2	-44.8135034576547	-0.983761456896547	-0.983680209790155	0.0165706870451775	-4.17762367598804	-0.00013523997245364	0.000261893791551894	0.592924817286553	-0.257433098657887	0.0640989388536731	1.0691952311083
251.192	150	24	8	-14.2183163669362	-0.303943032342755	-0.303238147519653	0.00030491808334148	0.149329636752197	0.000117796712846556	0.00229924639874142	-0.0527274491549525	-0.0348428145311575	0.0130305426438538	1.03219830969254
97.972	190	38	6	13.816454565039	0.296024763240557	0.295334661078946	0.000390401140059468	0.224093599898251	-0.000163139899015414	0.00627820531087564	-0.0334114849540026	0.0394250190167939	0.0175082958150029	1.0370031851905
406.814	240	24	7	73.6580725775812	1.56941085719703	1.57533170114026	0.00404109572488715	0.354756690213077	-0.000320945175029245	-0.00875527669477584	0.0670477736893501	0.127618878733753	0.00651996057735666	0.976692775199662
265.398	100	25	5	-35.5326097499212	-0.760350902747361	-0.759529756465075	0.00220723260538647	-1.37471519407342	0.000234297077229758	-0.00125048036038155	0.160232228841625	-0.0938609129953034	0.0150417301594072	1.02408581720183
1323.287	250	35	5	-9.00558425181146	-0.193991157566532	-0.193514227869246	0.000271341757664908	-0.225110638640885	-0.000144552713608338	-0.00278914861619367	0.0508568102634426	-0.0328639135523051	0.0280326674387055	1.04930223049055
196.65	210	36	8	10.0023697204611	0.214062126849982	0.213540314806917	0.0001776211360224	-0.16762416201808	-0.000104436442685253	0.00266319878416676	0.0309217893237762	0.0265899401544059	0.0152683760457131	1.03552782884093
1326.598	280	27	8	14.3937578425323	0.308675463238701	0.307961881994575	0.000468790422668153	-0.30064563608345	0.000217777793517361	-0.00202805055902114	0.0437218385417539	0.0432030310605453	0.0193005827455528	1.03873611474731
1380.689	230	33	8	-60.4022982579064	-1.29613466785239	-1.29840040609987	0.00879595665381043	1.4919670310564	-0.00095857669951371	-0.0040972571096805	-0.162284750978044	-0.187901415470324	0.020513569717939	1.0067773820149
792.345	210	33	7	-19.3744854832569	-0.412813277128784	-0.411937956768646	0.000281014687482528	0.0619984155055167	-6.45636089734842e-05	-0.00322481163936163	-0.00460248483530028	-0.0334558955027935	0.00655279361480061	1.02383501367743
957.167	230	28	6	14.5580889224	0.310636708667537	0.309919554272683	0.000229105513983761	0.215084167875978	0.000113798057174372	0.000472718495721548	-0.0331641220572266	0.0302025748467363	0.00940773152125799	1.02833695690351
1789.659	320	30	9	-6.10170489394498	-0.132587801758031	-0.132255066252286	0.000206202478056188	0.269273072011751	-0.000154155791242449	0.000785915178711684	-0.033694310102096	-0.0286474310532222	0.044816066883942	1.06817648785057
656.137	210	34	7	-11.1799183892624	-0.238197464109592	-0.237623436551003	9.19189222102308e-05	0.0298483936849693	-3.25297046054653e-06	-0.00237046302391127	-0.00279524814768284	-0.0191286621269187	0.00643851034007177	1.02609634204309
613.697	230	49	7	-38.0887839674034	-0.81740121749181	-0.816706568390119	0.00353087257334894	0.409416983507171	6.94497261595037e-05	-0.0286228454224951	0.0207637974977927	-0.118741296374694	0.0207007881239351	1.02810731579319
313.362	250	40	8	26.6255913251072	0.569956017414313	0.568971890437905	0.00129915328533616	-0.530519028870354	-0.000218237561665282	0.0106145321787249	0.0750317321644613	0.0719630665263888	0.0157450951187292	1.03014099316676
336.51	60	20	4	-53.6454783791319	-1.15432436061867	-1.15530965181882	0.00885810825494095	-3.12036735850053	0.000225113724584777	0.00502789050714668	0.379383713164484	-0.188395718168899	0.0259028485401902	1.01960839372634
1544.899	330	42	7	6.43827327360021	0.13872350989497	0.138375964221014	0.000141278581443542	-0.0930206510791945	0.000125148332805041	0.00278667986944574	-0.00404269356237555	0.0237125767760728	0.0285276899801682	1.05023101812104
68.954	150	35	8	-35.7907524762302	-0.766925027368024	-0.766116462563011	0.00265527395416672	0.544690583452724	0.000472403422221115	-0.00864450479516255	-0.115125910962483	-0.102950046612519	0.0177374463040484	1.02668528716543
785.692	150	8	6	16.4622177257988	0.353068141980635	0.352278349506358	0.000619513345686614	0.452163082021944	9.36803201689484e-05	-0.0109229180674752	-0.0185219829708495	0.0496686950308068	0.0194914865458454	1.03831532634895
125.628	180	49	7	-46.6591322395708	-1.00486682411326	-1.00489196562456	0.00716322927373881	0.320499151359943	0.000591914829592165	-0.037118668605076	0.0142790016620263	-0.169275960757064	0.0275930606993985	1.02817022808987
377.925	80	19	8	-78.1388990605603	-1.67107462673116	-1.67880846129145	0.0098183937206544	0.683710198034943	0.000400279758175419	0.0272083177317309	-0.306361144130614	-0.19909278501864	0.0138689435696497	0.977288815361538
217.994	180	42	6	-19.8412926015729	-0.425452501733132	-0.42456186669128	0.00088064460954305	-0.258919115907062	0.000188420406262714	-0.0116586805933553	0.0535639490508384	-0.0592270686699936	0.0190892128081339	1.03669563605922
759.862	130	6	7	-5.69669210401815	-0.122376141021558	-0.122068221343801	8.68226864003388e-05	-0.0690835921142685	-2.73461937719111e-05	0.00449812674339549	-0.00989025806887312	-0.0185888476345173	0.0226643589147281	1.04402131231232
1163.444	320	36	6	60.1089004801337	1.2868832083995	1.28905351558424	0.00673590750615072	0.527269338475754	0.000707691892691557	0.0179987189164098	-0.170105528543154	0.164421977328458	0.0160091726446616	1.00266173674482
842.957	280	32	7	49.6967489165856	1.05894605451941	1.05927574903549	0.0018782219935752	-0.151627294546448	0.00022422156032103	0.00633635389156581	0.0132587317644972	0.0867039033699475	0.00665517185858633	1.00419584492116
125.179	200	28	6	55.1812448321915	1.17868012405303	1.17985841330456	0.00403569694875922	1.18305379833871	-0.000571692088887154	0.00537888562813141	-0.103486915384702	0.12718128319924	0.0114860164714599	1.00356547914986
236.598	130	25	8	-36.3469323991567	-0.776968169283152	-0.776179810819793	0.00198650767005037	0.397638782905651	0.000315575754863726	0.00455449184410313	-0.133073514624983	-0.089050063577456	0.0129916588057332	1.02142446651166
669.811	190	34	8	-43.4269686929629	-0.926730060695945	-0.926394786893984	0.00208433822473842	0.83916040608358	-4.41010400472618e-06	-0.00684420585902506	-0.128135579364838	-0.091276072384446	0.00961448361664509	1.01263493162944
612.234	150	21	6	-12.5903574893634	-0.268394159841973	-0.267757814038526	0.000136453272290641	-0.268743282781814	-1.04933025012421e-05	0.00234449601181913	0.0217559944431262	-0.0233072516574141	0.00752003001397858	1.02689375082856
922.019	230	34	7	-13.7492654707193	-0.293187794729172	-0.292503058341992	0.000175933523637629	0.0658213117635696	-8.36768272422877e-05	-0.0026358210321625	-0.00165927746919868	-0.0264660312270465	0.00812036947702865	1.02722323160082
50	310	63	7	42.616584929992	0.932612717034216	0.932301443616282	0.0134436897327231	-0.621956459155252	-0.000681072621699047	0.0573152974002142	-0.0457160595625742	0.231816454687928	0.0582267002983648	1.06466612993389
2000	340	31	7	14.8487813370408	0.322846060579219	0.322107077522435	0.00125429691456108	-0.18059377834371	0.000460213584800675	4.01888688042328e-05	-0.00375990780271205	0.0706699767919255	0.0459252737582339	1.06752830802436
1054.027	240	25	7	15.3520850650133	0.327622187010335	0.326874863542221	0.000262022886410285	-0.0133917296650638	0.000148577483588104	-0.00206525482580769	0.00833210747753043	0.0323003946572132	0.00967013382305009	1.02838175916679
385.045	180	42	7	-45.1077227328383	-0.964639160763298	-0.964467374031031	0.00325590938683103	0.223829658268813	0.000283040700766222	-0.0233255551896422	0.00221923077984467	-0.114100829792134	0.0138027715945792	1.01544172399764
1507.972	220	37	7	-83.5900589354058	-1.79672215946824	-1.80707630092399	0.0196754560301943	0.942652583263928	-0.00158165070427876	-0.0213502496642972	0.0277880631796182	-0.282155139503613	0.0237991866644364	0.978354630822183
102.568	40	25	8	-114.969819283836	-2.46099615091923	-2.49353819149918	0.024115187915313	1.13781635414824	0.00133932863924284	0.0132378864655458	-0.429654766554966	-0.314688165580167	0.0156771225009426	0.914580003870202
204.568	190	26	7	34.0908385845508	0.727229349923476	0.726352413036769	0.00118518278634097	0.181770215821125	-0.000304578716735164	-0.00113119328003209	0.0307912322397693	0.06876994053652	0.00888437442900026	1.01875039979749
1170.918	290	39	7	8.2858605808538	0.177306664730252	0.176867958446023	0.00012004215967882	-0.0794671017076507	9.27974606690553e-05	0.00290178128069376	-0.0022578581660952	0.0218585323224031	0.0150439036463146	1.03559586649705
689.547	340	46	7	75.5749775562362	1.61839251439261	1.62515386130729	0.0109766705487585	-0.728668044349792	6.56569465700604e-06	0.0480778173136004	-0.0315061459119886	0.210414630360204	0.0164870509918282	0.98341070920878
784.22	250	36	6	22.299263414136	0.476037817828141	0.475096611628797	0.000591403979862986	0.261836261026875	7.63288876970766e-05	0.00729813414039602	-0.0586074032903166	0.0485414331501882	0.0103312101866438	1.02656465347425
405.913	190	12	4	97.4026614648238	2.0994462133587	2.11803437311119	0.0331591773716574	6.0692407905793	-0.000197672687681073	-0.0376293901464783	-0.651596960216483	0.367417739376811	0.0292131323618115	0.95995328236074
179.778	120	2	8	35.927002287801	0.777882213750878	0.777095753926004	0.00596431778662484	0.0835043067286888	-0.000299615018686069	-0.0343436184899125	0.181942365059478	0.154301830346093	0.0379314211469338	1.04787242806091
607.258	230	29	8	18.7199576274141	0.399348783813427	0.398490887333404	0.000359948937353322	-0.300495243386387	-1.63544654220057e-05	-0.000247080568339774	0.0608246911341602	0.0378631264464866	0.00894731846752315	1.0265380056017
1542.329	190	33	8	-114.123081395714	-2.45591293513707	-2.48822405869727	0.0404158965707359	2.98437747329287	-0.00223095572783179	-0.00632432158021775	-0.299208538120532	-0.407363977882021	0.0261035198243146	0.924857996988595
1112.47	210	28	7	-29.7111142829624	-0.634270083414593	-0.633300250410599	0.00105194015272133	0.0890512956575325	-0.000318720444534726	0.00100085926702331	-0.0104665490368655	-0.0647680682510563	0.0103510342099634	1.02290515466294
856.985	170	10	6	23.6756735451113	0.50736788521527	0.506404583950277	0.00117374828875366	0.609315335265967	0.000167944621303109	-0.014138660403992	-0.0300076804388765	0.068389926292178	0.017911811197426	1.03383749826738
836.331	310	38	7	60.0546447449907	1.28140948083832	1.28352413477367	0.00388506811935243	-0.379613745941911	0.000234951357706079	0.0203666782755275	-0.00320706618430515	0.124866351195297	0.0093754441844072	0.996235605314397
236.908	90	19	4	-11.8233548536849	-0.254571625045821	-0.253963366695841	0.000451870544621329	-0.70478445184715	7.49057576003012e-05	0.00143906004936271	0.0824847449026857	-0.0424129121349635	0.0271335890679167	1.04775114462605
1077.855	140	13	6	-35.1751132980682	-0.754116411048784	-0.753283800272223	0.00271457540255408	-0.784767742345624	-0.000412575632499675	0.0178921342731882	0.0542085570532603	-0.104088125204359	0.0187357504556593	1.02813971846014
579.321	300	30	7	98.8102950217684	2.10407875290071	2.12281581017157	0.00594835802830877	0.0140823504589076	-0.000105577325805332	0.00768849720466057	0.0496393949324234	0.155624822311929	0.0053457084736055	0.936537686643679
1500	340	38	8	22.6328825156555	0.487023826462	0.486074033745106	0.00158120661969974	-0.647607195916161	0.000412158433643205	0.00537295843782791	0.0535890153340434	0.0793736808424859	0.0259728298032196	1.04282449689228
731.364	170	22	8	-28.2427822895112	-0.603148788736983	-0.602167266200507	0.00101969868045454	0.37287667120658	-6.73139705424355e-05	0.00760389414665063	-0.1009486607154	-0.063761512118357	0.0110876808262806	1.02447353597815
25.689	100	23	6	-19.5364380607375	-0.41774143836927	-0.416860024939011	0.000600046934782425	-0.489454467969673	0.000237782589083492	0.00138559062653937	0.0304621084932469	-0.0488883408759962	0.0135674272624196	1.03102941608152
391.749	200	22	9	19.4990424004352	0.418747990520845	0.417865351642935	0.000988803417618234	-0.533494459912363	-0.000109032892230211	-0.00585338067736773	0.127200576047572	0.0627579286536852	0.0220585684382836	1.03996361674341
233.999	80	20	7	-58.2028556814793	-1.24232427363442	-1.24405877436749	0.00391965338549076	-0.49010433719028	0.000455997517511284	0.0143428744988657	-0.0706744131202667	-0.12538909141753	0.0100565289752532	0.998946391606325
275.7	100	18	6	-23.921452229632	-0.510757231136444	-0.509791988398481	0.000703898760934451	-0.616072485902861	0.000150300732909612	0.00636516476744418	0.033646331361233	-0.0529619025825289	0.0106777298659661	1.0262055467511
56.895	70	37	7	-110.415641506173	-2.36354940981169	-2.39184465809468	0.0222889831193746	-0.0481327226117362	0.00144662284532499	-0.040529189488501	-0.0423968246697111	-0.302164478015423	0.0157088522397949	0.923698297285143
255.117	50	16	8	-87.6120879415811	-1.87736793969804	-1.88963961992952	0.0159247489687979	0.536858599732223	0.00066672064972597	0.0390941012426263	-0.364485272140787	-0.254036360626531	0.0177523074003436	0.966367397167165
566.501	240	32	8	22.0773329346635	0.471056517949335	0.470119496158801	0.000521163943026639	-0.383942329291968	-4.40859509368528e-05	0.00210502757510643	0.0686210851809642	0.0455672081684587	0.0093073757509325	1.02560260119559
102.568	160	26	5	34.9217611593092	0.748350630653925	0.747507818577763	0.00254587844673742	1.38113642679124	-0.000358825587777702	0.00291654434875588	-0.157029642588944	0.100799746149462	0.0178591656593667	1.02740422557364
250.568	290	53	9	17.0929866146087	0.370481708659509	0.369664852514973	0.00142787414903395	-0.758598414022617	-0.000194279320149772	0.0141738083774512	0.0852596101346167	0.075407813846616	0.0399494214369905	1.06016819941938
68.594	140	28	7	-11.1018825410509	-0.237168646976751	-0.236596803478249	0.000167076898507877	-0.0591110333170292	0.000134227155307678	-0.000530254369104516	-0.00959331080972243	-0.0257893142906771	0.0117417356597094	1.03161291470751
642.786	210	32	7	-3.31177074761767	-0.0705347826174854	-0.0703555097887358	7.16429041146598e-06	0.00483953259431028	-5.15616771784185e-07	-0.000473299553079341	-0.00120549885389481	-0.00533963251189249	0.00572706518935446	1.02644604634694
1500	300	24	7	40.8631701073517	0.877921780314792	0.877406166942139	0.00451357785160172	-0.160252484874045	0.000807211669775922	-0.00846580907160311	0.0156873453008028	0.134287417996421	0.0228882978545108	1.02824572676908
102.563	230	37	6	56.7941735032697	1.2162486732658	1.21774605025798	0.00622147022890133	0.949773176086669	-0.000659762181274514	0.0237519473290491	-0.134244844267843	0.157946810131246	0.016544849414376	1.00686359893324
756.984	280	30	8	52.6430671259743	1.12314258443799	1.12389627780999	0.00291483720131084	-0.936989827432177	0.000121855768643416	0.00054012580780533	0.164389199081769	0.108050924313564	0.00915817289979319	1.00384106446099
51.229	160	19	7	40.678968982332	0.870063965080613	0.869522379617383	0.00270822222917335	0.425971630962662	-0.000479845945886318	-0.0109196734350088	0.0554576157557595	0.104016378029278	0.0141081863040095	1.01937524364402
644.151	200	47	6	-52.8526808870549	-1.13463446863896	-1.13547151887551	0.00703164232529905	-0.3621296853945	2.64046335179926e-05	-0.038750007572114	0.168610727213521	-0.167833500993705	0.0213805397707136	1.01583687094132
15.313	110	22	5	5.79808726011714	0.124361502435008	0.124048742271904	7.74243020385819e-05	0.246738920644121	-6.90135464497498e-05	-0.000298302139210307	-0.0246029369117554	0.0175539578127433	0.0196315546922287	1.04078118993936
243.237	110	10	8	-6.39910519569596	-0.137589996408253	-0.137245180870633	0.000118537769714634	0.0173292071758284	4.76781560103381e-05	0.00423849546658439	-0.0289481196978539	-0.0217204398704821	0.0244342805250159	1.04583100351357
256.894	70	1	4	27.0937900999833	0.588022235300384	0.587038295851829	0.00383583681447947	1.91520853945411	-0.000122881414988013	-0.0211182650760208	-0.165062938992958	0.123660996584813	0.0424889886644834	1.05846071308075
22.464	100	1	6	54.8206692516093	1.18427252872957	1.18549665841002	0.0121737541277209	2.08619158099254	-0.000588706208423772	-0.0473808764724172	-0.0203676398592878	0.220897569636127	0.0335550826948458	1.02620342964999
45.689	190	39	6	14.887062708028	0.319322102953079	0.318589345954025	0.000512707199462626	0.23995002150208	-0.000194512161244901	0.00736965883484081	-0.0365099810170668	0.0451821581300392	0.0197162025095895	1.03903465943684
724.938	70	8	5	-47.294354402275	-1.0165254760126	-1.01661234545205	0.00627683948128869	-2.12122034995348	-0.000230132048318519	0.028696617574899	0.181867331505789	-0.158466555835745	0.0237212897256565	1.02359766178256
1126.461	360	38	7	85.4270104232122	1.82654419364463	1.83758527068313	0.0113658782489516	-0.740246623332738	0.00087865469888473	0.0271525085276068	-0.0167426769430017	0.214510626857603	0.0134438735737045	0.965916688819205
1985.119	360	35	5	44.8149221472122	0.980681909544341	0.980585708767309	0.0148450606193128	0.907830565501006	0.00142307452453149	0.011893957767843	-0.276419386836009	0.243656711674039	0.0581522273436333	1.06257629098135
1837.516	300	40	5	-19.4929488582106	-0.425463315499769	-0.424572667795973	0.00254675575610133	-0.360460430719457	-0.000542163330448816	-0.0089638383548915	0.123652601457546	-0.100719498912608	0.0532777216629564	1.07413310595412
135.986	120	22	7	-16.6178896547322	-0.35486960908085	-0.354076939514885	0.000349463514228303	-0.134654921675497	0.000168507863536318	0.00280248044418224	-0.0191962083803445	-0.037304373459948	0.010978173523539	1.02935089571582
237.703	150	27	8	-23.1755804719719	-0.49531747291234	-0.494361793145097	0.000783743354529192	0.279339870118911	0.00020420270431258	0.00127136183920423	-0.0822932891403677	-0.0558828030171057	0.012616888365418	1.02854738094206
976.641	220	31	6	-7.19723367416972	-0.153635286704381	-0.153252086931775	6.08983998240198e-05	-0.0933664297420512	-5.76833052235475e-05	-0.000982088617750951	0.0176451472861515	-0.0155685569028408	0.0102146838307879	1.03070792826891
1452.689	280	19	7	41.7162819227395	0.896746028808373	0.896296048179931	0.00493683319033493	-0.0308961693776861	0.000797753301272996	-0.0159327371279612	0.0284491153073199	0.140454688771938	0.0239680959282942	1.02867889605196
1600	300	24	9	10.2020171829003	0.221013467863988	0.22047641219505	0.000495498258575297	-0.396768929520802	0.000217577680132499	-0.00336728275029174	0.0603791228020625	0.0444113991887866	0.0389933923447898	1.06102709449442
268.598	140	1	7	62.8412924927313	1.35608407228931	1.35901071350985	0.0149428958987959	1.19778912795431	-0.000359586171728449	-0.0589014385537597	0.142888279612541	0.245009907584527	0.0314796771923644	1.01484832406897
900.889	290	38	8	23.4883149981806	0.501966070365401	0.501006047630203	0.00079595641663181	-0.550578244220939	0.000113859875591582	0.0065992778530947	0.0617528413750055	0.05631748413093	0.0124780667478768	1.02826346435054
982.063	180	26	6	-30.8203533436003	-0.657775189048329	-0.656820408373996	0.00107327519213433	-0.483496021011347	-0.000262572771191237	0.0012249030287613	0.067283351887734	-0.0654266511553978	0.00982489929335421	1.0217268245693
201.356	140	11	6	45.9612014051503	0.984504023892976	0.984426404105835	0.00419849810064062	1.39784375620295	-0.000340534020279529	-0.0234302583858069	-0.0458634505244052	0.129581419884956	0.017031718308577	1.0179687122958
746.024	210	34	6	-7.72362546328113	-0.164765461911744	-0.164355987102485	6.11931171193786e-05	-0.101438216778951	-2.11682209085629e-05	-0.00200481292454532	0.0192925059265678	-0.0156063244906402	0.00893577055063612	1.02930340174625
1132.877	250	55	7	-82.3638385136477	-1.77994277835466	-1.78992162378846	0.0281122107711005	1.52682628229665	-0.000765387324447495	-0.0771556516705921	0.0943547404247773	-0.337213901326759	0.034276442095442	0.990201051272992
1000	250	5	7	97.2866609237864	2.09539916076742	2.11385783747159	0.0313640206351772	1.05134915541323	0.000996624769790206	-0.0825582155952938	0.163514850796846	0.357317981506848	0.027779409242147	0.958877434224826
75.896	120	34	6	-40.8399273528316	-0.873903142455188	-0.873374142517925	0.00290803067676762	-0.758682200519342	0.000487986893771339	-0.012809783711855	0.0891899992658069	-0.107787032706857	0.0150026315341146	1.02016095826497
1351.254	290	37	9	-22.4597493161068	-0.483868618922327	-0.482921201035773	0.00170270148879551	0.982953637876935	-0.000326249100436651	-0.00356835534855444	-0.118159222519126	-0.0823660176415181	0.0282676847037843	1.04535267362293
202.705	60	13	8	-63.0608289741061	-1.35387393886597	-1.35677488392633	0.010075385976782	0.255475231274069	0.000539831367551447	0.034714529948988	-0.275338336464923	-0.201182596505913	0.0215139359604292	1.00463619061156
365.985	140	23	6	-8.4224045211653	-0.179578404916695	-0.179134448264685	6.41926262868832e-05	-0.187033113442816	3.94772300555434e-05	0.000816826012943067	0.0144560966373827	-0.0159844452533384	0.00789937334310913	1.02812109471901
305.268	290	54	6	42.3413671218588	0.915993060608818	0.915615255421792	0.00790349574786377	0.24366303131028	-0.000367065181153826	0.0433757837389847	-0.146423055243455	0.177729878549758	0.0363104795400526	1.04110893084428
263.268	160	18	7	26.0475007121241	0.556170336209033	0.555187989343581	0.000839956094162378	0.242231670703467	-0.00018349244505222	-0.00831532602845564	0.0340962948991118	0.0578616120212798	0.0107450677358072	1.02525961635938
513.694	100	2	7	-1.33106378359568	-0.0286758231191954	-0.0286026369636452	5.97481130773058e-06	-0.0218904934670737	4.39788766168745e-07	0.00122169328735347	-0.0027806545524692	-0.00487620857455447	0.0282429527016297	1.05031810774686
152.609	160	11	6	70.0990819769068	1.50212724110471	1.50698985888563	0.0102188695268676	2.16103793697392	-0.000594981928403434	-0.0354946307014563	-0.0683200307824937	0.202831326265544	0.017793130680146	0.99212906230292
35.987	150	30	8	-16.1552285928439	-0.346060182351907	-0.345281747998934	0.000520494489587076	0.196457640049729	0.000218464742357571	-0.00108139804707264	-0.0565918816883739	-0.045526058596381	0.0170878555400414	1.03587984747779
102.568	140	22	7	6.21879143224672	0.132846907503612	0.132513545010796	5.21086350374444e-05	0.0520837699907277	-6.76491324952129e-05	-0.00103326514047409	0.00729049756230341	0.0144010337296018	0.0116726006064915	1.03235384078286
215.368	230	36	6	50.586165972342	1.0816156019536	1.08208708486201	0.00399402006128888	0.825787964781656	-0.000456823393069827	0.0188591323063341	-0.119254261770756	0.126451616931382	0.0134720516807148	1.0101280789517
426.784	230	37	8	7.10006019808035	0.151713556649696	0.151334923523743	7.1095578603274e-05	-0.135588734644357	-3.87007918373725e-05	0.00200707739920982	0.020695903297398	0.0168215520632403	0.0122045237767945	1.03279658175498
507.772	30	9	3	-50.0550112244015	-1.08897577497915	-1.08949513605519	0.0146515624571226	-4.08183221899176	-4.97567935354796e-05	0.0227857469363201	0.476093290573352	-0.24220273506053	0.0470931709557263	1.04542515129658
233.291	80	2	7	2.47089584391486	0.053283396170642	0.0531476802512221	2.20444701061336e-05	0.0463455887215824	-1.6259949168969e-05	-0.00221714688106836	0.00551764391065371	0.00936639012986833	0.0301226164074963	1.0523103550981
1035.433	190	12	8	-0.37937448400083	-0.0081544221461404	-0.00813359482733221	4.05178906014717e-07	0.003878693243009	-3.77016386127151e-06	0.00024782251780343	-0.00152444367993874	-0.00126982172521545	0.0237937033165289	1.04554720654007
102.642	90	5	9	-8.71393255524311	-0.189498491823324	-0.189031776424309	0.000435902103805003	0.138653171363562	9.50816840188909e-05	0.00788381543062786	-0.0678822233837396	-0.041653695315233	0.0463069379208016	1.06944613339041
526.142	120	14	7	-22.7968121332299	-0.487025909083688	-0.486076114823734	0.000709320468124692	-0.214928178358451	2.25583387285708e-05	0.0109645675099258	-0.031876671910431	-0.0531622626673688	0.011820455481191	1.02788947337742
624.538	150	20	5	0.818979997010425	0.0175155212141684	0.0174707952965988	1.08628419855895e-06	0.0315721279380824	1.37410398396772e-06	-0.000138740250065666	-0.00361124683293773	0.00207917639838322	0.0139652762857521	1.03512050492751
912.349	230	57	6	-79.2928729286704	-1.71875733173662	-1.72743457714411	0.0308435496460016	0.0727814288711062	-0.000374777376855266	-0.0863043071293984	0.312826113734143	-0.353019923851043	0.0400890852766319	1.00062814219557
215.994	150	19	8	5.60658556136744	0.120036306321944	0.119734100813109	5.88391059293046e-05	-0.0418940382590011	-4.87306070836425e-05	-0.00188541822949041	0.0224777766784214	0.0153027069691733	0.0160717890231815	1.03703810850218
561.963	210	35	7	-6.55340003576909	-0.139668375940632	-0.13931855657832	3.46079802014641e-05	0.0162196248251993	1.20366509297778e-05	-0.00166798286570161	-0.00158716260619193	-0.0117362406354634	0.00704642803723741	1.02750511652207
474.76	180	22	5	36.7980089978274	0.786802012725402	0.786034607689129	0.00211343887521895	1.42108692855	-6.48122955669619e-05	-0.00320361551503283	-0.163465797289482	0.0918546289071236	0.0134718806659992	1.02160000845677
231.523	140	16	7	15.4770198276419	0.330778350305394	0.330025577914613	0.000349107276050542	0.165278139938561	-0.000117570729612203	-0.00600265082372023	0.022216307490515	0.0372837827923019	0.0126019285395066	1.03139147820378
678.596	360	53	7	72.9325750829198	1.57019287847905	1.57612667023181	0.0170806338443193	-0.991408786990828	-5.18196400615479e-05	0.0652178378595344	-0.0584157975846737	0.262373580365454	0.0269641545076241	0.997163201679661
70.922	10	4	6	-49.3949551172089	-1.06394289055648	-1.06430310752296	0.0081158526343149	-1.76591743959923	0.00048588022407231	0.0373276465274237	0.0275950866610785	-0.18023705612161	0.0278790401430178	1.02589659057231
1567.548	240	29	6	-30.621420710115	-0.659244764443825	-0.658291108080344	0.00300567072485102	-0.291927091789228	-0.000656444245971212	-0.000625314514473225	0.0819952791465356	-0.109489379811843	0.0269188844443263	1.03963420577758
263.598	270	43	7	51.8338594570657	1.11010994482881	1.11077188894578	0.00523182744876187	-0.236347372059981	-0.000468657720518684	0.0292109464738985	-0.00227978936263291	0.144749005526926	0.0166981467900876	1.01214339780764
1423.568	290	26	7	30.6162367224617	0.656607013889275	0.655651355052861	0.00213427492757133	-0.135003513955035	0.000546249541404541	-0.00396331709888073	0.00952507398702969	0.0922619485328018	0.0194170678617125	1.03175386834012
715.678	220	28	7	13.9705052593363	0.2974872573205	0.296794403235286	0.000118545017236063	0.00226702346017746	2.86395689522322e-05	-3.82525496549087e-05	0.00759456705528391	0.0217249600766267	0.00532949183719645	1.02428790442588
777.237	230	37	8	-22.6480814314313	-0.483668639077895	-0.482721374201001	0.000655592325486403	0.495281033591687	-5.01844309611554e-05	-0.00577577425286605	-0.0620565911521469	-0.0511087814541023	0.0110855366832847	1.02719398639628
509.43	220	32	5	40.1808004046532	0.85983538026204	0.859261226197399	0.00283104947834491	1.31987205560076	-7.17881008578299e-05	0.0105836518117759	-0.201304833204495	0.106344156036021	0.0150860354292147	1.02075725854541
964.11	240	34	7	-7.32215264625429	-0.156179790092755	-0.155790557114296	5.33126569624756e-05	0.0375229005415116	-5.13068798103338e-05	-0.00138049012460222	-0.000733631154103237	-0.0145667093499868	0.00866683017505397	1.02908203710347
583.627	260	30	7	58.4447809646575	1.24452498411241	1.24628009535014	0.00207761438155057	0.00633510116171615	-5.69775953644662e-05	0.00452806764428444	0.0292382024696824	0.0912902731149183	0.00533695667286477	0.994094575220254
923.373	170	15	7	-9.8831212842812	-0.211317997934779	-0.210802247289477	0.000152515170499646	-0.0564846942853236	-7.54535359120836e-05	0.00471987873907424	-0.0113800730019647	-0.0246391242115343	0.0134774300553819	1.03367254802069
344.392	130	23	7	-27.6758216961781	-0.589943700082878	-0.588959952133861	0.000649188573040087	-0.162389821391894	0.000156168949827821	0.00412857737213973	-0.0275494472860952	-0.0508733838967973	0.00740596040239136	1.02100239394326
1095.578	270	31	8	10.5341494674474	0.225205565975611	0.224659395969364	0.000169508422803882	-0.222594988546152	0.000101792010564579	0.000201128318612181	0.0307085072441297	0.0259759299295198	0.0131924512342088	1.03324616350131
100.025	140	21	5	31.9747491222261	0.685232694533604	0.684302576617312	0.0021466127012893	1.35445111902519	-0.000317807165504084	-0.00298808321445751	-0.135039422424759	0.0925373251903864	0.0179583909839579	1.02941221937799
30.425	60	28	1	-21.3439024224566	-0.477460922026658	-0.476518553518393	0.00624195323698827	-2.458771529941	0.000233713369217331	-0.00879232564620865	0.360200352594399	-0.157700196129757	0.0987116875680386	1.12719849756171
1080.342	210	18	7	6.69031708467165	0.143072936397227	0.142714940319278	7.15474220289062e-05	0.0187186273431146	7.25419725430197e-05	-0.00257004614136984	0.00610136447187928	0.0168748118910949	0.0137882507361249	1.03450889869184
799.899	210	28	7	-3.17857959991475	-0.0677014279834269	-0.0675292889996011	6.71529724716988e-06	0.00160642181262879	-1.23400320774792e-05	2.94830638279845e-05	-0.00159843077810994	-0.00516960028125444	0.00582628668111945	1.02655669446704
1071.752	240	37	8	-37.6479357115077	-0.805293001522956	-0.804568178591571	0.00234387487037139	0.914611544375375	-0.000326834293369426	-0.00876406628100655	-0.0980428121965585	-0.096740011363769	0.0142512448510917	1.0217916437944
893.355	210	26	6	6.70960972611434	0.143102235064092	0.142744168728725	4.3880812154095e-05	0.109848261382049	4.41095265631185e-05	-0.000219989885492863	-0.0143374265030774	0.0132153686668121	0.00849836246482157	1.02898938074226
283.161	200	30	8	12.8634496346704	0.27481421618655	0.27416508884777	0.000226182556369958	-0.180958441754207	-0.000103473525503351	0.000608226987439555	0.0432637137317765	0.0300076860366207	0.0118377447296715	1.03130726998912
917.017	140	10	7	-22.5064674830541	-0.482569225908231	-0.481622807507173	0.00112508827585991	-0.193269311354041	-0.000178485762876204	0.0147888869273653	-0.0322700595566581	-0.0669531041886017	0.018958960426239	1.03546028908806
234.568	90	21	7	-51.618580317502	-1.10152767667313	-1.10213080113267	0.00293860368296568	-0.405703429347707	0.000407603667758898	0.0109030028896099	-0.0598462343453195	-0.108477141150115	0.00959451923216392	1.00527563292143
456.897	120	18	9	-52.5613335066223	-1.13011501392191	-1.13091900598849	0.00797993135463896	1.35124493834752	0.000202110964259672	0.0235858368594296	-0.353531732840249	-0.178788026877777	0.024383332922638	1.01917772727721
206.973	100	14	7	-15.7042073738196	-0.335981918229487	-0.335220272416965	0.000419487591206029	-0.188579354428059	0.000125542612085277	0.00718243856829656	-0.0244846130476917	-0.0408699328655985	0.014646683000818	1.03345854869734
1294.099	360	38	7	71.1970881041336	1.52539226298683	1.53060844415306	0.0103331137927837	-0.715207048512528	0.000997863462192287	0.0217847332158742	-0.0198912367898682	0.203999060526602	0.0174534489634152	0.990344602518189
826.859	180	36	6	-51.3201406455831	-1.09574827681366	-1.09631250088997	0.0032340620954105	-0.585362967115971	-0.000223535091406059	-0.0166310481918005	0.135996175849283	-0.113796195499129	0.0106593957514528	1.00662012103291
564.158	150	32	7	-56.6374467154501	-1.20634243360992	-1.20775311433239	0.00213582451715511	0.0474660244225816	8.80100470105189e-05	-0.00844080063029396	-0.0227870277997571	-0.0925380494093693	0.00583636204084651	0.996509937135832
192.607	110	9	5	34.5250442859905	0.742067177512104	0.741213683730997	0.00334496812139086	1.67753248180825	-0.000241665978242908	-0.0182655562265034	-0.125543209179682	0.115538358463639	0.0237213457160636	1.03377151387562
10.652	90	39	5	-71.0524924685178	-1.53060555013669	-1.53590273241222	0.0169305769605894	-2.37257326773453	0.000956342852747197	-0.0395872632743576	0.37047299167834	-0.261135733374914	0.0280949976071973	1.00085865419466
45.689	160	24	7	24.3121050611308	0.519567878561132	0.518598010924404	0.000851884869552429	0.187876050795216	-0.00029875217558029	-0.00222128499043828	0.0265673923157099	0.0582651677369412	0.0124654683249537	1.02787259004062
42.568	230	45	7	23.8611020197183	0.51296243968418	0.511995981990461	0.00162508679830624	-0.0937876235395797	-0.000337973582311084	0.0156676867807127	-0.00105846843096399	0.0804728279324795	0.0241083248303831	1.04028058768592
20.456	40	13	8	-67.59065447471	-1.4539307347172	-1.45810131543111	0.0137092576880642	0.175270954280348	0.000854032407239177	0.0363770575077534	-0.302376385044279	-0.23484480094347	0.0252850674305516	1.00269882075685
635.192	60	17	6	-91.0694426231957	-1.94342315839657	-1.95741036451846	0.00917056518837609	-2.13265035400676	-0.000150074087521266	0.0299567561486689	0.139036520554451	-0.192904587955006	0.00961886228477683	0.95341407660976
1002.273	230	32	7	-13.8267618875658	-0.294916371010763	-0.294228360920709	0.000189324760646874	0.0597847016176625	-0.000110539550700204	-0.00159499537150899	-0.00262056622322836	-0.0274548676896073	0.00863186423903523	1.02773189417646
1177.047	230	23	6	12.7307394202049	0.272356616455765	0.271712361665294	0.000274302796915512	0.202030513413049	0.000166423989981851	-0.00205145759059109	-0.0270713638437371	0.0330458236324328	0.0145759716391806	1.03420138648166
507.638	120	0	6	37.0041842631063	0.798067968869423	0.797326008651041	0.0049843403329918	1.27847751855493	7.11447710656893e-06	-0.0346332355493726	-0.0206236492680162	0.141068448681222	0.0303529969687453	1.03900571417437
215.689	150	35	5	-14.9873216814701	-0.321517637782995	-0.32078099459577	0.000527165635422723	-0.505074702789252	0.000127555379926212	-0.00591056091419646	0.075742738427314	-0.0458149660261067	0.019990685283853	1.03929581572723
526.48	120	26	6	-52.1482700457036	-1.11116664336876	-1.11183591718207	0.00205863513035334	-1.00395860422246	7.4139564470618e-05	0.000220625162991021	0.101899385498541	-0.0907990259045381	0.00662512612668078	1.0018317652528
26.895	60	19	6	-46.1691084778314	-0.987764384207507	-0.987702790142296	0.003627987265883	-1.26008884811187	0.000546873745700399	0.00980456241265953	0.0620647534293907	-0.120458039480664	0.0146557153619224	1.01538011834632
883.877	280	26	7	66.4278128943672	1.41557801539676	1.41923584624019	0.00344460400876196	-0.00467722612356395	0.00038988586430187	-0.00570515197341252	0.0378790373629034	0.117684809743609	0.00682897802349985	0.986301877671903
9.104	120	53	8	-121.32404875998	-2.62881409071654	-2.66958443005796	0.0707658817516239	3.07235914135855	0.00197616958066069	-0.109653356271275	-0.281025450888606	-0.540288524744543	0.0393486609954995	0.92037309307368
103.568	230	29	8	61.4755952089692	1.31567147719999	1.31814444388506	0.00672555956949856	-0.745319556290978	-0.000733799515354117	0.00160954128517002	0.21625815110017	0.16432731199567	0.0153036777325594	1.00039919559752
169.583	230	28	7	70.3256838515246	1.5006980235044	1.50553933988367	0.00542806424842859	0.317093592488932	-0.000693387103104252	0.00279825693591682	0.057163709761711	0.1478261557065	0.00954885738442179	0.983958001743094
429.504	40	17	6	-93.6096527070272	-1.99787653846771	-2.01337993969657	0.00993909730956678	-2.34595479276813	0.000266057169847112	0.0292995519178939	0.133535922381127	-0.2009372976633	0.00986200832728024	0.94939633915701
223.639	140	26	8	-28.614335120503	-0.61167743859792	-0.610698208527058	0.00123265759664765	0.325951773325382	0.00025880075134046	0.00254775020261164	-0.103394736497384	-0.0701060354085317	0.0130068361204771	1.02624814204331
145.585	360	42	8	144.132462293862	3.09333296653134	3.16362189085597	0.0508669997203078	-2.85318677230535	-0.00174406915009341	0.0699075972247779	0.404474402599954	0.461323904285218	0.0208211539964755	0.853246983319189
985.968	210	17	6	29.1549979487681	0.623366598443562	0.622391621062365	0.00132179819877608	0.6036725416773	0.000272305710899069	-0.0104271321094072	-0.0497010244425417	0.0725993584454065	0.0134235942396239	1.02637862752923
500.922	260	36	8	34.1742942013622	0.729793655211062	0.728920592488927	0.0014826729296008	-0.6531183830562	-0.000128008318771651	0.00824877929553872	0.10010354839132	0.076918855044664	0.0110127523911359	1.02086477508136
226.652	250	45	7	28.2351638661655	0.605645019021469	0.60466409737955	0.00184776099519574	-0.152281654829573	-0.000283533276039381	0.0180482872736616	-0.00381380355224633	0.0858319394885488	0.0197517492209603	1.03346473434242
1051.168	200	20	7	-7.5681033673214	-0.161682835459264	-0.161280607500916	7.81416893040514e-05	-0.0145114683981331	-7.5884275886205e-05	0.00235117945783421	-0.00617647059709136	-0.0176355751262876	0.0118155238304356	1.0323241868349
68.093	150	15	7	42.717171972985	0.914724974902887	0.914342254549946	0.00348915756983258	0.537650507202151	-0.000475830902382407	-0.0175953167226928	0.0673154417642039	0.118088754045111	0.0164064705480036	1.0200895754216
1547.159	250	28	8	-37.6959492486542	-0.811427609861406	-0.810717845565284	0.00450191804004326	0.881805933397904	-0.000756281653322131	0.00466260122606462	-0.109157079245007	-0.134075288313346	0.0266219320103341	1.03456749472872
393.774	100	27	6	-64.2509696093965	-1.36960220340534	-1.37268827343569	0.00350921856103481	-1.27024783561095	0.000282105097075299	-0.00264332083138059	0.124955908361736	-0.118744275524702	0.00742751859043242	0.989504899202405
804.282	260	17	8	72.4047118824991	1.54943858224622	1.55503385140235	0.0092235090626542	-0.800956614774263	0.000317519495001328	-0.0327790750720428	0.276939486085454	0.192771828418601	0.015135058917487	0.9865054066637
801.577	210	32	8	-27.8770522231154	-0.594882546550402	-0.593899444348633	0.000855014515752341	0.537086977383262	-8.73436956668752e-05	-0.00214823308181252	-0.0834679253533667	-0.0583846164288932	0.0095718088744869	1.02311269287318
450.562	290	46	9	23.6885070864363	0.51006723345652	0.509102378694038	0.00182034924208771	-0.982668099285122	-0.000147295736242839	0.0130784168005054	0.123378043750242	0.0851696877485057	0.0272252664922636	1.04367699911193
26.598	220	47	8	-2.60447286815318	-0.0561504531582483	-0.0560074795058955	2.40913636477429e-05	0.0568532152166457	3.97413849010367e-05	-0.00176638873662373	-0.00681174343007032	-0.00979159519013791	0.029657855025047	1.05179959876091
179.061	70	19	1	6.34598324062388	0.141479935737932	0.141125762445774	0.000510657772834702	0.752367877344848	-4.16932301577958e-05	0.000326009717401571	-0.103507895736635	0.045082336513093	0.0925976819217828	1.12436815451988
345.687	110	22	8	-55.5046575787934	-1.18618778616627	-1.18742774723885	0.00444724470924519	0.562971772043409	0.000336111662288418	0.0132923291768724	-0.209166014031072	-0.133514752307238	0.0124849794765309	1.00421413119817
295.84	250	55	9	-33.4847695307601	-0.726661105021803	-0.725783319585857	0.00583282196529103	1.54049179242141	0.00035270762819558	-0.0301460677175379	-0.162925301349421	-0.152561315131204	0.0423153006637532	1.05433083636918
2271.86	320	31	5	-6.05533682007982	-0.133768780423565	-0.133433188278163	0.000366983848609321	-0.124542377043833	-0.000238592832808616	-0.000580837753746344	0.0375700670572966	-0.0382175257403031	0.0758151908744536	1.1039983110619
1134.575	300	39	8	10.2844945768547	0.220232036085592	0.219696685977596	0.000202794728367206	-0.267029976177285	0.000102069124120589	0.00307654451576493	0.0254054614923329	0.0284119693986932	0.0164494860917684	1.0367146488176
601.434	180	21	6	18.3263986222942	0.390668838406333	0.38982276380373	0.000288510431559855	0.392745885711029	1.09629391980095e-05	-0.00339718599368538	-0.0315707788792583	0.0338976179751199	0.00750468442846797	1.02518946357359
45.298	180	36	6	15.0225281861939	0.321803175424324	0.321066028561139	0.000451148105341225	0.266634776996375	-0.000192356612206269	0.00582196415438203	-0.0342881795040689	0.0423831855424949	0.0171275653734611	1.03626444695896
759.518	200	21	7	13.82113071818	0.294604439694965	0.293917019369394	0.000160450471739781	0.0507705037643496	4.91050583721181e-05	-0.00347662827153106	0.0124494380217178	0.0252746960895514	0.0073404509262007	1.02639870667025
832.869	320	44	7	50.1439649866102	1.07279383440115	1.07320912728674	0.00427373426860701	-0.484356686634	0.000169859263114167	0.0277352294681726	-0.0189485660085269	0.13079822244658	0.0146363074833857	1.01171627099319
56.894	140	27	7	-6.74130491624489	-0.144030084642013	-0.143669794320641	6.27926670743569e-05	-0.0402644536373335	8.27230738387377e-05	-9.07830745974771e-05	-0.00623038641138725	-0.0158087202644333	0.0119628801107128	1.03259188119764
709.399	100	16	6	-54.0010656728494	-1.15300012964483	-1.15397523437596	0.00358713686949725	-1.26388503426761	-0.000180852677150402	0.0199943192481039	0.0815716119581892	-0.119886726476737	0.0106779264701696	1.00398041795138
56.895	120	33	6	-35.85960561958	-0.767281943778982	-0.766474076587786	0.0022218598762825	-0.691445700664487	0.00044056377445787	-0.0100328214481909	0.0760200542423339	-0.094173957543653	0.014871662234802	1.02368713760318
767.134	230	33	8	-8.32078936086447	-0.177561957244685	-0.177122660236839	7.62119924609062e-05	0.162627910138824	-1.91674273314538e-05	-0.000955890572774475	-0.0246042000389877	-0.0174166994025094	0.00957644722356145	1.02987713994935
503.172	150	21	7	-14.4189838930267	-0.307287983799183	-0.306576941341979	0.000165279346061659	-0.0822847909708645	2.92496813836037e-05	0.00333842109487348	-0.0147847621286871	-0.0256527068198433	0.0069527614574247	1.02583808618868
700.929	250	35	9	-0.522175057150975	-0.011192792047561	-0.0111642060616732	5.86159907427542e-07	0.0193136899900647	-1.12762870230679e-07	-7.17939415352932e-05	-0.00294384233128149	-0.00152731092892482	0.018371573626013	1.03977076723856
910.851	190	26	7	-25.8618703793228	-0.551208611599588	-0.550227304022825	0.000547716407789538	0.00735986250452403	-0.000167030254258769	0.00227609589740498	-0.014411941054023	-0.0467233544514449	0.00715918159218489	1.02167137779221
888.569	240	14	6	77.5249705454226	1.65823939956129	1.66572963395041	0.00991558458733924	1.79598136784094	0.000577288791042745	-0.0353678632749056	-0.115929469126991	0.20005363173769	0.0142188465241273	0.978500901832304
800.615	250	34	6	27.6424270467654	0.589793869783513	0.588810105702619	0.000816071564881511	0.35116785098254	0.000108713280079322	0.0070602082473499	-0.0698093400656087	0.0570386344172696	0.0092967534709203	1.02295471075072
1500	230	11	8	3.55336211943391	0.0769734291788689	0.0767779777633561	5.98793320472388e-05	-0.0484133169477044	7.32776121743514e-05	-0.00261873523181655	0.0138686728902808	0.015437049740183	0.0388547649408914	1.06180388142
785.694	110	20	9	-97.2060597036309	-2.08804417375657	-2.1062689507417	0.0251345530959372	2.86083261398001	-0.000318391881825113	0.039138457660534	-0.626108462185432	-0.319845115680166	0.0225398415698702	0.954350240380151
